%YAML:1.0
nmarkers: 300
markersize: 7
tau0: 15
marker_0: "0001101010101100001010101100110101000101011010010"
marker_1: "0111100011010101011011010110001010101101010101011"
marker_2: "1010010101101000101111010110000011001010111010010"
marker_3: "0101101001111110101001001010100111000011000101101"
marker_4: "0101001100101011111001010110000000110101001000000"
marker_5: "0101011101101001010110101001100101101001100110101"
marker_6: "1111110111110010100101000001101110100101011000000"
marker_7: "0110101001111110010100100111001000110100100111010"
marker_8: "1101010010101111010101001010101001010101101111100"
marker_9: "1010110100111110010100000001100101010010101000111"
marker_10: "1001010100111000110101011010111101001010010100101"
marker_11: "1010010101010011010101111100101010000101010110011"
marker_12: "0001111010101111111011111000001010101010111101010"
marker_13: "1111001010100100101010100101011010110100100000011"
marker_14: "1111000110011000111000001000010100101001011011010"
marker_15: "0110110011011011110010101101110000010110101010110"
marker_16: "1010100100101001001010100000101010010100101110000"
marker_17: "1001010001111101110100110101010100100101011010100"
marker_18: "0100010010110111001110101001101011011011111010010"
marker_19: "0101101110010110011110101101101001010101000101101"
marker_20: "0101101011000100100100101011010010101111111111100"
marker_21: "0110001100100010101101111110101101010110100010101"
marker_22: "1010010010101101111111010100110000110110101101110"
marker_23: "1010110101001010110100111111111110101000001011010"
marker_24: "1010110111011001001010010101100110010011100101101"
marker_25: "1110110100000000110111101011010110110111111100010"
marker_26: "0110101010100001011000101011101011001100100101011"
marker_27: "0101011001010111110001010000111111000111101010010"
marker_28: "0001001101001001101101110011100101110110010101011"
marker_29: "0110100111001110101001000000010001001000101010100"
marker_30: "0101101000111000010001010010011010100011111000111"
marker_31: "1111000010101101100010010101000111001011011101010"
marker_32: "1110011101110101010010010101010110111101111001111"
marker_33: "0011011010100110010101010100000001110000111010110"
marker_34: "1000111100101101010011100011111101111111000101001"
marker_35: "1011111011101110101100110101001010101011011010111"
marker_36: "1001010001010100000110101101101010010110101000111"
marker_37: "1111000100101010010101011101011000011110001010100"
marker_38: "1010100011010110101100001010000001100000111101010"
marker_39: "0010010100101000001111010011001100000101010010101"
marker_40: "0101001101010010101101101010101001001101011111110"
marker_41: "0110101000001110110100101001011100010111010010101"
marker_42: "0101011000111011010101001001010010101101010101100"
marker_43: "0110010000000100101011010100010010110011110010101"
marker_44: "1101010010110100111110000111101000100011110101011"
marker_45: "1001010100101001001010010000010101101000000010110"
marker_46: "0010010011011011101001010110110101000000010110101"
marker_47: "0001010100101010110101110111011111110011110010011"
marker_48: "0010101110000010101001011010101010000001001110000"
marker_49: "0000011011101011010100010101101110101111100101001"
marker_50: "1111110100100101011011011010001111110000110110101"
marker_51: "0101101110010110001101000000010010110000010101011"
marker_52: "1001010100010011101000110101100000101011011001001"
marker_53: "1000101101011011100111010100111100010101001111010"
marker_54: "1101010000001011010100101100010110111010101111110"
marker_55: "0001000010010000100101010110110111101101011001010"
marker_56: "0101001010110101010110000011010101101010111011010"
marker_57: "1100000000100101010110010101101001000001001010011"
marker_58: "1010010011110010000001101010111000011010100010101"
marker_59: "0101101101010011000011001111010101110100111010110"
marker_60: "1010100000011000110001010010000001110110101010100"
marker_61: "1001010110001101000000100011100110010101001101010"
marker_62: "0110101011010100100000010101101010010111111111011"
marker_63: "1001011010101110101000101001011001100100001111101"
marker_64: "1111100001010100101010101001100101010011111110101"
marker_65: "1100001000011101010011101100001111101101011100110"
marker_66: "1100011110101010110110101101111011100111111010100"
marker_67: "0100110011001011011001101010001111110100011000100"
marker_68: "1001010101010001100001100010010110111100010110000"
marker_69: "0100101001101111011111010010011001001101011010110"
marker_70: "1010110110101001101011100110010101110101100010101"
marker_71: "1111000101011011010100101011101101000000100101011"
marker_72: "1010110101101000110010010101000000110001011101010"
marker_73: "1011010000000111010101011010010110101011010011001"
marker_74: "0000011010100010100101110001010101101011011000100"
marker_75: "1111000011010110011100111001111001110101101110110"
marker_76: "0100101100111101010010001011011110010101100110000"
marker_77: "1011101010110111010101111110101010001111101010010"
marker_78: "1101010111110001101010011011001010110100111100011"
marker_79: "0101101010111110101100110110001001111001111101001"
marker_80: "0101011110101000101010100000010011001011100100010"
marker_81: "0100100010101101001011111001110101011100010101101"
marker_82: "0110101101001001010111000000011000100111000111100"
marker_83: "0101100011011010110111001010010100110010100001000"
marker_84: "1011010101001011111011111110100110110110101110000"
marker_85: "1110011010101110000001010110010010101101011100000"
marker_86: "0101101101001000101010010101101110110100100110001"
marker_87: "1100000011111011111001011010101010001101010100101"
marker_88: "0100000111110101101011010100101101101010111010110"
marker_89: "1111001010010100110111001010011010100110001010100"
marker_90: "1000111100101010100011011010110101011111001010100"
marker_91: "0010101000111111111011001000101010010010100010101"
marker_92: "0010101101101000000011000000100101010101100101011"
marker_93: "1010010001000100101010110101110101000100000111011"
marker_94: "1010011101000011101001101110010011000101011010100"
marker_95: "1101010010010111101100110101010111000001111100111"
marker_96: "0101011111000000111100100101011110010010100011111"
marker_97: "0101001001010101101010110001001010101011100100101"
marker_98: "1001010010101111100110101011011010111000101000000"
marker_99: "0001010101100110101000000110010110101001011001100"
marker_100: "0010110010100111110110100110110101001000101010010"
marker_101: "0011000110101001101010100001101100001001110011011"
marker_102: "1001010110010001001101101001001111011110000101111"
marker_103: "1011010001111100101011101010101000101001010000111"
marker_104: "1101000101001001001011010011010110100001101111000"
marker_105: "0001111111000110010011100111111011011111101100110"
marker_106: "0010010110011110010100001110011010110111010111010"
marker_107: "0011111010010101010111100000101011110100101101010"
marker_108: "0101101000001101010011011001111100100000011011000"
marker_109: "1001111100110111111011010100110000010010110101001"
marker_110: "0011101110101001010110010101010001010000001011101"
marker_111: "0111001010110110101001010100000111101110001111100"
marker_112: "0110101101010010101100011001010010101010000010000"
marker_113: "1110000010000010111110111011100100001010111111100"
marker_114: "1110011001010101010111001010100101000111110100101"
marker_115: "1010010000011110100100010101101011000111001010100"
marker_116: "0101011010100101010110100110000011000101010110101"
marker_117: "1101001001111100111110100000000000110010111010110"
marker_118: "0001000010110011011111011010100101011010100000111"
marker_119: "1001010010110111001010011011000011110101000010100"
marker_120: "0000001011111010010101101010011101000101010000001"
marker_121: "0101101111111001011111111000101001001011010101011"
marker_122: "0100010110100101010011110001011010110000000111111"
marker_123: "0110010101010010000010110011010010001011110000011"
marker_124: "1010100001010101010011101111010000001101011011101"
